206440
100152
100414
100425
100470
100481
100527
100549
100709
100834
102078
102761
103719
104552
104767
104858
105793
106194
106423
106445
106514
106796
106990
107028
107131
107313
107415
108383
108394
108463
108678
108883
108952
109433
110009
110623
111228
111717
1150625
117840
118967
119277
119619
119653
119755
119915
120127
120729
121142
121824
122394
123057
123080
123386
123422
123728
124196
129000
131113
131180
131704
131737
13114722
132649
135193
135671
140294
1486017
156105
1613349
18168019
1821278
18264716
19406510
206968
21368683
21565151
218019
2306334
24085652
25151966
259790
2691410
271896
273500
275514
3032551
3077858
31330639
35572782
3665701
3964189
4376185
464482
464493
4682035
471465
479458
497563
50000
50328
50548431
507700
51796
526738
529191
534521
55630
556887
56553
571584
581420
583631
590863
602017
603338
603452
606202
607001
610399
611927
612191
612362
613467
618871
619158
619205
619647
62533
620224
621658
623267
623870
626175
628966
638368
64186
64197
644086
66251
693210
71432
7440440
75058
75070
76222
7782425
78115
78842
78411606
8006448
8012951
83329
836306
84628
84662
84742
84002642
85018
85983
85209467
86306
86533
86748
88722
88737
88744
88755
88891
90028
90120
9004675
9004700
9005383
91156
91190
91203
91225
91576
92240
92820
939275
95136
95158
95169
95476
95487
95636
961682
98011
98862
98953
99081
99354
99650
99990

